-0.09999999999999964
-0.09999999999999964
0.5999999999999996
-10.1
0.8000000000000007
-0.10000000000000142
0.5700000000000003
0.370000000000001
0.3500000000000014
0.8500000000000014
0.7900000000000009
0.3500000000000014
0.0
0.09999999999999964
-10.1
0.5999999999999996
0.45000000000000107
0.20000000000000107
0.1899999999999995
0.5999999999999996
0.0
0.40000000000000036
0.09999999999999964
0.09999999999999964
0.6500000000000004
0.5999999999999996
0.2900000000000009
0.7000000000000011
0.20000000000000107
0.009999999999999787
-10.1
0.3000000000000007
0.09999999999999964
0.5
0.019999999999999574
0.6500000000000004
0.7000000000000011
0.7699999999999996
0.20000000000000107
-0.009999999999999787
-0.08999999999999986
0.0
0.09999999999999964
-10.1
0.009999999999999787
0.1999999999999993
0.8500000000000014
0.15000000000000036
0.370000000000001
0.3000000000000007
-0.009999999999999787
-0.09999999999999964
-0.06999999999999851
0.030000000000001137
-10.1
0.5999999999999996
0.34999999999999964
0.8500000000000014
0.030000000000001137
0.8000000000000007
0.09999999999999964
0.7900000000000009
0.040000000000000924
0.5
0.21000000000000085
0.16999999999999993
0.21000000000000085
0.1999999999999993
0.75
0.009999999999999787
0.45000000000000107
0.40000000000000036
0.20000000000000107
0.3000000000000007
0.3000000000000007
0.5999999999999996
-10.1
0.20000000000000107
0.4499999999999993
-0.4299999999999997
0.0
0.5
0.09999999999999964
0.0
0.8000000000000007
0.75
0.20000000000000107
0.16000000000000014
0.25
0.5899999999999999
0.09999999999999964
0.5
-10.1
0.20000000000000107
0.870000000000001
0.030000000000001137
0.009999999999999787
0.20000000000000107
0.5
0.9000000000000004
0.5
0.5
1.1000000000000014
0.8499999999999996
0.9500000000000011
0.5
0.3500000000000014
0.7699999999999996
0.75
-10.1
0.009999999999999787
0.5999999999999996
0.009999999999999787
0.16999999999999993
0.019999999999999574
0.08999999999999986
